%YAML:1.0
---
R_0_1: !!opencv-matrix
   rows: 3
   cols: 3
   dt: d
   data: [ 5.8426011613010320e-01, -1.2634632884618279e-02,
       -8.1146810334819031e-01, 5.0512670327167736e-03,
       9.9991605426519448e-01, -1.1931853338396668e-02,
       8.1155073864854721e-01, 2.8723639385950751e-03,
       5.8427489088989759e-01 ]
T_0_1: !!opencv-matrix
   rows: 3
   cols: 1
   dt: d
   data: [ 2.5089626798149762e+01, 5.1295961864757567e-01,
       -1.0872049832771756e+01 ]
