%YAML:1.0
---
K_0: !!opencv-matrix
   rows: 3
   cols: 3
   dt: d
   data: [ 3.6152001166002110e+03, 0., 2.0648977868233751e+03, 0.,
       3.6179119176447207e+03, 1.5589892166577238e+03, 0., 0., 1. ]
D_0: !!opencv-matrix
   rows: 1
   cols: 14
   dt: d
   data: [ 1.6071339461351485e+01, 1.5522548590377214e-01, 0., 0.,
       -1.2093560184398351e+00, 1.5659809173212885e+01, 0., 0., 0., 0.,
       0., 0., 0., 0. ]
K_1: !!opencv-matrix
   rows: 3
   cols: 3
   dt: d
   data: [ 3.6039513761348767e+03, 0., 2.0592029873067281e+03, 0.,
       3.6076149383054444e+03, 1.5439598933448290e+03, 0., 0., 1. ]
D_1: !!opencv-matrix
   rows: 1
   cols: 14
   dt: d
   data: [ 2.0132278719153106e+01, 2.8961171042215234e-01, 0., 0.,
       -1.6800491134516615e+00, 1.9647420248481630e+01, 0., 0., 0., 0.,
       0., 0., 0., 0. ]
